"num_sig"	"num_up"	"num_down"	"total_genes"
167	93	74	5787
172	94	78	5787
181	97	84	5787
194	102	92	5787
192	116	76	5787
183	101	82	5787
190	98	92	5787
199	97	102	5787
205	113	92	5787
201	121	80	5787
200	116	84	5787
217	127	90	5787
222	124	98	5787
200	114	86	5787
177	91	86	5787
165	93	72	5787
215	121	94	5787
180	110	70	5787
231	149	82	5787
224	128	96	5787
223	120	103	5787
212	128	84	5787
219	131	88	5787
136	77	59	5787
204	124	80	5787
178	102	76	5787
154	97	57	5787
177	99	78	5787
193	133	60	5787
167	107	60	5787
164	101	63	5787
194	107	87	5787
191	105	86	5787
181	107	74	5787
178	94	84	5787
169	94	75	5787
187	120	67	5787
140	73	67	5787
216	126	90	5787
198	106	92	5787
212	124	88	5787
167	99	68	5787
176	100	76	5787
225	132	93	5787
229	135	94	5787
211	124	87	5787
192	119	73	5787
168	96	72	5787
176	100	76	5787
214	126	88	5787
206	113	93	5787
184	107	77	5787
228	137	91	5787
207	127	80	5787
195	111	84	5787
185	99	86	5787
209	114	95	5787
173	94	79	5787
177	109	68	5787
203	108	95	5787
209	133	76	5787
210	126	84	5787
195	121	74	5787
170	112	58	5787
170	98	72	5787
221	135	86	5787
214	123	91	5787
165	98	67	5787
209	117	92	5787
191	112	79	5787
184	110	74	5787
214	136	78	5787
228	155	73	5787
223	125	98	5787
163	98	65	5787
238	157	81	5787
176	91	85	5787
156	87	69	5787
226	135	91	5787
186	109	77	5787
154	88	66	5787
159	96	63	5787
207	121	86	5787
214	111	103	5787
191	110	81	5787
178	96	82	5787
212	128	84	5787
182	105	77	5787
172	99	73	5787
202	126	76	5787
182	101	81	5787
159	102	57	5787
210	131	79	5787
175	89	86	5787
217	128	89	5787
184	104	80	5787
212	118	94	5787
184	99	85	5787
204	115	89	5787
219	116	103	5787
165	90	75	5787
186	107	79	5787
208	132	76	5787
193	105	88	5787
182	109	73	5787
215	122	93	5787
237	143	94	5787
218	116	102	5787
192	103	89	5787
225	133	92	5787
222	124	98	5787
178	96	82	5787
183	109	74	5787
194	121	73	5787
221	136	85	5787
214	129	85	5787
197	123	74	5787
202	111	91	5787
152	87	65	5787
216	127	89	5787
224	130	94	5787
198	120	78	5787
204	121	83	5787
222	128	94	5787
213	119	94	5787
176	112	64	5787
198	111	87	5787
195	111	84	5787
191	117	74	5787
216	125	91	5787
195	95	100	5787
227	126	101	5787
176	102	74	5787
200	108	92	5787
224	125	99	5787
148	80	68	5787
204	112	92	5787
168	105	63	5787
179	103	76	5787
218	129	89	5787
152	94	58	5787
178	109	69	5787
204	121	83	5787
202	132	70	5787
209	112	97	5787
176	105	71	5787
157	91	66	5787
190	107	83	5787
154	87	67	5787
221	125	96	5787
221	137	84	5787
219	138	81	5787
216	130	86	5787
220	131	89	5787
151	85	66	5787
186	112	74	5787
203	115	88	5787
211	118	93	5787
185	112	73	5787
196	120	76	5787
200	116	84	5787
216	141	75	5787
182	99	83	5787
198	101	97	5787
237	154	83	5787
169	93	76	5787
202	115	87	5787
213	118	95	5787
195	112	83	5787
229	128	101	5787
216	124	92	5787
191	119	72	5787
221	124	97	5787
194	116	78	5787
194	113	81	5787
212	135	77	5787
173	88	85	5787
198	113	85	5787
225	130	95	5787
171	95	76	5787
170	94	76	5787
167	89	78	5787
188	106	82	5787
173	92	81	5787
169	111	58	5787
190	120	70	5787
195	107	88	5787
211	120	91	5787
216	129	87	5787
150	87	63	5787
201	114	87	5787
203	125	78	5787
243	144	99	5787
230	135	95	5787
223	127	96	5787
204	124	80	5787
199	125	74	5787
169	98	71	5787
211	121	90	5787
198	119	79	5787
180	107	73	5787
211	139	72	5787
184	107	77	5787
181	103	78	5787
226	132	94	5787
210	118	92	5787
194	116	78	5787
202	122	80	5787
220	133	87	5787
179	105	74	5787
151	85	66	5787
185	102	83	5787
167	96	71	5787
181	93	88	5787
223	141	82	5787
229	127	102	5787
199	129	70	5787
189	100	89	5787
215	130	85	5787
211	125	86	5787
176	96	80	5787
201	117	84	5787
204	122	82	5787
182	100	82	5787
222	134	88	5787
192	99	93	5787
167	102	65	5787
172	96	76	5787
193	111	82	5787
219	133	86	5787
189	104	85	5787
192	111	81	5787
182	105	77	5787
219	123	96	5787
248	146	102	5787
192	113	79	5787
182	105	77	5787
192	103	89	5787
222	123	99	5787
203	98	105	5787
189	111	78	5787
206	111	95	5787
194	115	79	5787
171	102	69	5787
209	125	84	5787
208	133	75	5787
220	124	96	5787
176	98	78	5787
197	121	76	5787
166	99	67	5787
179	107	72	5787
167	104	63	5787
209	121	88	5787
219	131	88	5787
183	109	74	5787
183	114	69	5787
226	122	104	5787
189	106	83	5787
186	110	76	5787
193	127	66	5787
188	113	75	5787
170	100	70	5787
168	95	73	5787
196	111	85	5787
178	94	84	5787
232	142	90	5787
203	123	80	5787
233	122	111	5787
209	119	90	5787
197	127	70	5787
198	119	79	5787
188	97	91	5787
233	140	93	5787
236	126	110	5787
241	134	107	5787
180	112	68	5787
191	125	66	5787
186	113	73	5787
187	100	87	5787
160	96	64	5787
207	120	87	5787
181	101	80	5787
196	101	95	5787
218	125	93	5787
166	101	65	5787
204	119	85	5787
231	149	82	5787
186	104	82	5787
187	110	77	5787
175	108	67	5787
216	118	98	5787
191	109	82	5787
224	124	100	5787
203	122	81	5787
202	124	78	5787
173	103	70	5787
195	109	86	5787
179	104	75	5787
115	73	42	5787
250	145	105	5787
141	79	62	5787
233	130	103	5787
187	101	86	5787
198	108	90	5787
174	104	70	5787
187	105	82	5787
184	118	66	5787
192	111	81	5787
211	116	95	5787
209	130	79	5787
193	90	103	5787
230	139	91	5787
206	129	77	5787
230	145	85	5787
201	113	88	5787
184	93	91	5787
205	110	95	5787
160	84	76	5787
199	110	89	5787
226	135	91	5787
190	116	74	5787
206	111	95	5787
167	97	70	5787
205	125	80	5787
190	122	68	5787
205	113	92	5787
206	115	91	5787
222	126	96	5787
233	132	101	5787
197	124	73	5787
187	107	80	5787
175	100	75	5787
186	105	81	5787
197	124	73	5787
181	115	66	5787
206	113	93	5787
184	115	69	5787
165	98	67	5787
188	107	81	5787
190	108	82	5787
169	104	65	5787
198	121	77	5787
181	112	69	5787
248	137	111	5787
229	132	97	5787
231	139	92	5787
205	124	81	5787
163	96	67	5787
191	116	75	5787
221	133	88	5787
181	108	73	5787
249	145	104	5787
192	118	74	5787
212	126	86	5787
190	106	84	5787
178	99	79	5787
199	116	83	5787
217	119	98	5787
194	115	79	5787
224	138	86	5787
175	109	66	5787
147	85	62	5787
208	130	78	5787
216	122	94	5787
215	130	85	5787
192	104	88	5787
210	121	89	5787
192	110	82	5787
200	119	81	5787
155	88	67	5787
189	113	76	5787
173	99	74	5787
217	123	94	5787
184	109	75	5787
219	130	89	5787
163	96	67	5787
194	108	86	5787
179	105	74	5787
271	156	115	5787
172	98	74	5787
229	127	102	5787
199	114	85	5787
206	118	88	5787
195	109	86	5787
205	115	90	5787
227	132	95	5787
163	99	64	5787
202	102	100	5787
232	127	105	5787
233	137	96	5787
205	109	96	5787
214	119	95	5787
208	118	90	5787
195	120	75	5787
143	83	60	5787
205	120	85	5787
267	152	115	5787
210	126	84	5787
188	111	77	5787
203	131	72	5787
163	96	67	5787
180	104	76	5787
174	108	66	5787
200	116	84	5787
212	118	94	5787
196	117	79	5787
198	109	89	5787
219	119	100	5787
177	104	73	5787
231	141	90	5787
187	107	80	5787
148	82	66	5787
167	93	74	5787
216	116	100	5787
193	115	78	5787
205	127	78	5787
171	105	66	5787
190	106	84	5787
234	138	96	5787
177	106	71	5787
175	109	66	5787
204	119	85	5787
187	106	81	5787
180	107	73	5787
214	116	98	5787
157	96	61	5787
184	113	71	5787
133	84	49	5787
225	128	97	5787
171	108	63	5787
151	83	68	5787
227	125	102	5787
183	104	79	5787
230	131	99	5787
232	133	99	5787
181	103	78	5787
194	107	87	5787
179	113	66	5787
187	111	76	5787
207	93	114	5787
172	89	83	5787
171	94	77	5787
204	113	91	5787
195	115	80	5787
198	123	75	5787
211	127	84	5787
181	93	88	5787
241	132	109	5787
200	117	83	5787
209	117	92	5787
231	137	94	5787
196	117	79	5787
167	90	77	5787
205	120	85	5787
214	135	79	5787
211	114	97	5787
183	104	79	5787
237	145	92	5787
185	106	79	5787
215	112	103	5787
237	144	93	5787
162	90	72	5787
215	119	96	5787
185	104	81	5787
215	126	89	5787
185	99	86	5787
193	117	76	5787
224	129	95	5787
199	118	81	5787
207	121	86	5787
208	122	86	5787
181	104	77	5787
210	127	83	5787
196	101	95	5787
217	127	90	5787
174	106	68	5787
227	126	101	5787
164	97	67	5787
193	119	74	5787
201	114	87	5787
209	103	106	5787
234	141	93	5787
226	129	97	5787
171	91	80	5787
202	105	97	5787
164	93	71	5787
200	112	88	5787
135	72	63	5787
175	93	82	5787
161	78	83	5787
214	131	83	5787
204	117	87	5787
217	122	95	5787
201	106	95	5787
225	135	90	5787
191	102	89	5787
207	124	83	5787
163	92	71	5787
215	132	83	5787
180	103	77	5787
218	115	103	5787
226	131	95	5787
192	117	75	5787
201	128	73	5787
217	136	81	5787
214	122	92	5787
184	102	82	5787
214	123	91	5787
199	120	79	5787
214	124	90	5787
241	150	91	5787
184	108	76	5787
237	136	101	5787
238	137	101	5787
199	121	78	5787
207	138	69	5787
225	129	96	5787
214	110	104	5787
194	107	87	5787
225	126	99	5787
196	109	87	5787
209	130	79	5787
177	100	77	5787
219	133	86	5787
211	119	92	5787
199	120	79	5787
169	101	68	5787
238	146	92	5787
154	94	60	5787
200	111	89	5787
192	100	92	5787
225	134	91	5787
175	95	80	5787
162	89	73	5787
173	88	85	5787
203	115	88	5787
266	154	112	5787
200	120	80	5787
170	105	65	5787
181	102	79	5787
210	129	81	5787
152	88	64	5787
205	114	91	5787
203	117	86	5787
197	110	87	5787
154	96	58	5787
170	99	71	5787
179	95	84	5787
211	113	98	5787
180	106	74	5787
188	105	83	5787
210	113	97	5787
191	117	74	5787
192	116	76	5787
181	95	86	5787
212	119	93	5787
197	115	82	5787
233	149	84	5787
187	117	70	5787
190	116	74	5787
169	89	80	5787
177	102	75	5787
158	93	65	5787
238	140	98	5787
179	114	65	5787
181	104	77	5787
198	117	81	5787
130	77	53	5787
160	91	69	5787
177	105	72	5787
185	114	71	5787
174	99	75	5787
179	120	59	5787
198	116	82	5787
193	108	85	5787
186	108	78	5787
193	109	84	5787
227	128	99	5787
156	93	63	5787
242	143	99	5787
205	128	77	5787
185	115	70	5787
199	108	91	5787
155	94	61	5787
145	86	59	5787
222	139	83	5787
154	81	73	5787
174	106	68	5787
185	110	75	5787
180	115	65	5787
186	118	68	5787
204	124	80	5787
206	115	91	5787
203	124	79	5787
182	94	88	5787
189	101	88	5787
228	132	96	5787
172	106	66	5787
221	134	87	5787
220	131	89	5787
161	92	69	5787
189	119	70	5787
157	91	66	5787
213	117	96	5787
216	136	80	5787
208	124	84	5787
179	94	85	5787
223	129	94	5787
188	116	72	5787
215	130	85	5787
194	112	82	5787
184	109	75	5787
183	102	81	5787
190	103	87	5787
171	102	69	5787
179	102	77	5787
205	129	76	5787
207	106	101	5787
193	104	89	5787
214	116	98	5787
196	99	97	5787
197	114	83	5787
194	108	86	5787
176	103	73	5787
173	99	74	5787
202	128	74	5787
173	101	72	5787
203	113	90	5787
189	99	90	5787
234	140	94	5787
176	112	64	5787
159	91	68	5787
264	143	121	5787
205	124	81	5787
196	107	89	5787
181	108	73	5787
236	142	94	5787
182	115	67	5787
202	112	90	5787
203	126	77	5787
188	107	81	5787
207	126	81	5787
210	110	100	5787
175	104	71	5787
202	113	89	5787
198	114	84	5787
190	109	81	5787
216	132	84	5787
203	105	98	5787
208	108	100	5787
212	112	100	5787
203	106	97	5787
192	109	83	5787
187	121	66	5787
226	139	87	5787
200	122	78	5787
215	131	84	5787
224	132	92	5787
166	97	69	5787
185	106	79	5787
217	128	89	5787
203	110	93	5787
214	133	81	5787
186	104	82	5787
200	120	80	5787
212	129	83	5787
178	103	75	5787
184	117	67	5787
194	117	77	5787
242	143	99	5787
195	105	90	5787
196	111	85	5787
193	100	93	5787
176	101	75	5787
208	124	84	5787
217	123	94	5787
182	108	74	5787
176	105	71	5787
216	122	94	5787
197	117	80	5787
213	115	98	5787
162	88	74	5787
179	94	85	5787
191	110	81	5787
182	102	80	5787
211	122	89	5787
212	128	84	5787
178	98	80	5787
182	113	69	5787
187	110	77	5787
229	125	104	5787
183	110	73	5787
164	80	84	5787
187	109	78	5787
207	124	83	5787
199	110	89	5787
205	122	83	5787
219	128	91	5787
164	96	68	5787
210	121	89	5787
188	113	75	5787
252	144	108	5787
224	119	105	5787
225	123	102	5787
219	129	90	5787
174	105	69	5787
192	116	76	5787
193	114	79	5787
197	113	84	5787
213	129	84	5787
203	124	79	5787
219	126	93	5787
175	97	78	5787
180	107	73	5787
199	118	81	5787
203	120	83	5787
243	144	99	5787
193	114	79	5787
180	85	95	5787
183	120	63	5787
166	96	70	5787
183	92	91	5787
199	127	72	5787
209	117	92	5787
165	89	76	5787
211	113	98	5787
183	112	71	5787
213	127	86	5787
188	109	79	5787
185	114	71	5787
178	96	82	5787
155	89	66	5787
207	121	86	5787
199	117	82	5787
222	123	99	5787
197	114	83	5787
200	117	83	5787
279	160	119	5787
171	104	67	5787
178	105	73	5787
216	135	81	5787
171	107	64	5787
195	108	87	5787
160	103	57	5787
250	148	102	5787
225	135	90	5787
182	104	78	5787
210	132	78	5787
188	114	74	5787
216	123	93	5787
178	98	80	5787
193	115	78	5787
216	124	92	5787
178	97	81	5787
202	126	76	5787
180	93	87	5787
231	136	95	5787
251	131	120	5787
193	108	85	5787
166	91	75	5787
192	121	71	5787
196	117	79	5787
227	131	96	5787
208	120	88	5787
217	121	96	5787
215	119	96	5787
231	140	91	5787
216	125	91	5787
201	124	77	5787
195	113	82	5787
203	107	96	5787
153	90	63	5787
193	114	79	5787
216	112	104	5787
218	126	92	5787
195	112	83	5787
195	110	85	5787
190	128	62	5787
190	114	76	5787
209	127	82	5787
220	118	102	5787
195	106	89	5787
166	101	65	5787
183	105	78	5787
188	121	67	5787
132	71	61	5787
182	98	84	5787
178	100	78	5787
184	108	76	5787
196	113	83	5787
208	132	76	5787
178	107	71	5787
194	100	94	5787
224	123	101	5787
183	93	90	5787
221	123	98	5787
223	126	97	5787
248	155	93	5787
213	112	101	5787
234	132	102	5787
209	121	88	5787
154	99	55	5787
227	132	95	5787
249	151	98	5787
166	95	71	5787
182	106	76	5787
200	114	86	5787
209	117	92	5787
183	100	83	5787
200	110	90	5787
194	106	88	5787
148	88	60	5787
200	114	86	5787
213	122	91	5787
228	132	96	5787
190	106	84	5787
162	93	69	5787
170	98	72	5787
198	122	76	5787
198	115	83	5787
217	123	94	5787
252	144	108	5787
191	115	76	5787
239	125	114	5787
173	93	80	5787
175	98	77	5787
151	83	68	5787
188	107	81	5787
182	119	63	5787
213	124	89	5787
243	138	105	5787
185	109	76	5787
212	123	89	5787
195	106	89	5787
215	107	108	5787
235	132	103	5787
221	124	97	5787
189	100	89	5787
197	119	78	5787
200	125	75	5787
178	111	67	5787
204	125	79	5787
149	81	68	5787
210	134	76	5787
199	120	79	5787
205	121	84	5787
218	128	90	5787
210	126	84	5787
213	135	78	5787
206	119	87	5787
212	124	88	5787
163	96	67	5787
217	128	89	5787
197	118	79	5787
162	102	60	5787
227	130	97	5787
211	119	92	5787
194	124	70	5787
167	100	67	5787
149	80	69	5787
159	92	67	5787
207	121	86	5787
193	108	85	5787
181	101	80	5787
187	108	79	5787
198	101	97	5787
192	115	77	5787
182	99	83	5787
237	132	105	5787
251	151	100	5787
230	131	99	5787
194	111	83	5787
193	111	82	5787
195	119	76	5787
233	132	101	5787
167	83	84	5787
160	95	65	5787
229	135	94	5787
217	132	85	5787
133	78	55	5787
173	94	79	5787
201	109	92	5787
219	122	97	5787
238	137	101	5787
185	112	73	5787
205	123	82	5787
197	118	79	5787
193	110	83	5787
202	118	84	5787
235	144	91	5787
190	110	80	5787
236	130	106	5787
192	109	83	5787
204	125	79	5787
214	115	99	5787
158	95	63	5787
224	128	96	5787
229	141	88	5787
184	102	82	5787
185	109	76	5787
190	108	82	5787
216	122	94	5787
179	108	71	5787
213	124	89	5787
188	105	83	5787
257	141	116	5787
186	109	77	5787
178	100	78	5787
218	118	100	5787
198	116	82	5787
218	124	94	5787
136	81	55	5787
154	93	61	5787
193	119	74	5787
175	92	83	5787
176	95	81	5787
181	95	86	5787
174	108	66	5787
182	112	70	5787
177	101	76	5787
213	123	90	5787
211	133	78	5787
197	109	88	5787
215	131	84	5787
188	109	79	5787
176	105	71	5787
186	98	88	5787
131	72	59	5787
213	131	82	5787
178	90	88	5787
192	112	80	5787
213	129	84	5787
192	114	78	5787
233	126	107	5787
197	112	85	5787
204	112	92	5787
125	74	51	5787
150	91	59	5787
189	102	87	5787
210	125	85	5787
192	112	80	5787
163	103	60	5787
195	114	81	5787
191	105	86	5787
185	101	84	5787
199	117	82	5787
207	129	78	5787
212	117	95	5787
222	131	91	5787
189	105	84	5787
212	122	90	5787
167	95	72	5787
219	132	87	5787
207	130	77	5787
202	115	87	5787
213	125	88	5787
236	140	96	5787
208	124	84	5787
208	114	94	5787
188	104	84	5787
226	122	104	5787
260	152	108	5787
221	146	75	5787
171	107	64	5787
212	136	76	5787
177	108	69	5787
213	123	90	5787
197	100	97	5787
174	102	72	5787
199	122	77	5787
198	115	83	5787
222	126	96	5787
207	107	100	5787
209	125	84	5787
185	118	67	5787
223	129	94	5787
197	122	75	5787
250	154	96	5787
212	117	95	5787
183	108	75	5787
172	101	71	5787
224	129	95	5787
188	112	76	5787
253	155	98	5787
204	127	77	5787
176	98	78	5787
240	142	98	5787
194	119	75	5787
179	104	75	5787
177	110	67	5787
208	113	95	5787
170	104	66	5787
220	125	95	5787
214	119	95	5787
221	135	86	5787
201	107	94	5787
226	123	103	5787
208	125	83	5787
225	133	92	5787
181	96	85	5787
